200;2.683;759;0.0095;0.47;1.02;0.38;0.814
250;2.146;806;0.00129;0.75;1.26;0.59;0.79
300;1.789;852;0.0166;1.09;1.5;0.84;0.768
350;1.533;897;0.0205;1.49;1.73;1.13;0.755
400;1.341;939;0.0244;1.94;1.94;1.45;0.747
450;1.192;979;0.0283;2.43;2.15;1.8;0.743
500;1.073;1017;0.0323;2.96;2.35;2.19;0.74
550;0.976;1049;0.0363;3.55;2.54;2.6;0.734
600;0.894;1077;0.0403;4.18;2.72;3.04;0.727
700;0.767;1126;0.0487;5.64;3.06;3.99;0.708
800;0.671;1169;0.056;7.14;3.39;5.05;0.708
900;0.596;1205;0.0621;8.65;3.69;6.19;0.716
1000;0.537;1235;0.068;10.25;3.97;7.4;0.721
1200;0.447;1283;0.078;13.6;4.49;10.04;0.739
1400;0.383;1315;0.0867;17.2;4.97;13;0.754