200;1.951;906;0.0182;1.03;1.47;0.75;0.728
250;1.561;914;0.0225;1.58;1.78;1.14;0.721
300;1.301;920;0.0267;2.23;2.07;1.59;0.711
350;1.115;929;0.0306;2.95;2.34;2.1;0.71
400;0.976;942;0.0342;3.72;2.59;2.65;0.0713
450;0.867;956;0.0377;4.55;2.83;3.26;0.0717
500;0.78;971;0.0412;5.44;3.05;3.91;0.72
550;0.709;987;0.0447;6.38;3.27;4.61;0.722
600;0.65;1003;0.048;7.36;3.47;5.34;0.725
700;0.557;1032;0.0544;9.46;3.85;6.91;0.73
800;0.488;1054;0.0603;11.7;4.21;8.63;0.736
900;0.434;1074;0.0661;14.2;4.54;10.5;0.738
1000;0.39;1091;0.0717;16.8;4.85;12.4;0.738
1200;0.325;1116;0.0821;22.6;5.42;16.7;0.737
1400;0.278;1136;0.0921;29.1;5.95;21.3;0.734