200;1.708;1043.0;0.0183;1.02;1.29;0.75;0.734
250;1.367;1042.0;0.0222;1.56;1.55;1.13;0.725
300;1.139;1040.0;0.0260;2.19;1.79;1.57;0.715
350;0.967;1041.0;0.0294;2.92;2.01;2.08;0.711
400;0.854;1045.0;0.0325;3.64;2.21;2.59;0.710
450;0.759;1050.0;0.0356;4.47;2.41;3.17;0.709
500;0.683;1057.0;0.0387;5.36;2.59;3.79;0.708
550;0.621;1065.0;0.0414;6.26;2.76;4.45;0.711
600;0.569;1075.0;0.0441;7.20;2.93;5.14;0.713
700;0.488;1098.0;0.0493;9.20;3.24;6.63;0.720
800;0.427;1122.0;0.0541;11.30;3.52;8.24;0.730
900;0.380;1146.0;0.0587;13.50;3.79;9.97;0.739
1000;0.342;1168.0;0.0631;15.80;4.04;11.80;0.747
1200;0.285;1205.0;0.0713;20.80;4.50;15.80;0.761
1400;0.244;1233.0;0.0797;26.50;4.92;20.20;0.761