300.0;0.025;2041.0;0.0181;35.10;0.91;63.10;1.03
350.0;0.258;2037.0;0.2220;4.22;1.12;4.33;1.02
400.0;0.555;2000.0;0.0264;2.38;1.32;2.38;1.00
450.0;0.491;1968.0;0.0307;3.17;1.52;3.10;0.98
500.0;0.441;1977.0;0.0357;4.09;1.73;3.92;0.96
550.0;0.401;1994.0;0.0411;5.15;1.93;4.82;0.94
600.0;0.367;2022.0;0.0464;6.25;2.13;5.82;0.93
700.0;0.314;2083.0;0.0572;8.74;2.54;8.09;0.93
800.0;0.275;2148.0;0.0686;11.60;2.95;10.70;0.92
900.0;0.244;2217.0;0.0780;14.40;3.36;13.70;0.95
1000.0;0.220;2288.0;0.0870;17.30;3.76;17.10;0.99